Sample	0	1	2	3	4	5	6	7	8	9	10	11	12	13	14	15
C-Ba-1_S54_L005_R1_001	(1.0, 22.09014145564382)	(2.0, 10.219426333644035)	(3.0, 5.608144547110873)	(4.0, 3.5915397603333323)	(5.0, 2.674555818694268)	(6.0, 2.0043532157031367)	(7.0, 1.5951072340425607)	(8.0, 1.3783894394320235)	(9.0, 1.1850099004260737)	('>10', 16.27269937860802)	('>50', 6.121291499284341)	('>100', 13.629474127485159)	('>500', 4.756057395064367)	('>1k', 6.600299778032317)	('>5k', 1.409943903650458)	('>10k+', 0.8635662128452921)
C-Ba-1_S54_L006_R1_001	(1.0, 22.453245006266197)	(2.0, 10.207488132858547)	(3.0, 5.605245590191174)	(4.0, 3.6785698853949276)	(5.0, 2.5582172271664376)	(6.0, 1.9986158618006984)	(7.0, 1.62108436703691)	(8.0, 1.3908709485622068)	(9.0, 1.1892748342640065)	('>10', 16.313471612221704)	('>50', 6.060830819884854)	('>100', 13.635761379740135)	('>500', 4.655618410768285)	('>1k', 6.5590115010637255)	('>5k', 1.2114723592925403)	('>10k+', 0.8612220634875992)
C-Ba-1_S54_L007_R1_001	(1.0, 22.85897644476964)	(2.0, 10.016891464413478)	(3.0, 5.648920774240667)	(4.0, 3.556071963518981)	(5.0, 2.4952658429360133)	(6.0, 1.9690507429243491)	(7.0, 1.6050640184760552)	(8.0, 1.3850352995366288)	(9.0, 1.2140301965020326)	('>10', 16.301145929341235)	('>50', 6.194027473402447)	('>100', 13.484381446082969)	('>500', 4.735431433277961)	('>1k', 6.407186309578982)	('>5k', 1.2587213559075878)	('>10k+', 0.8697993050909932)
C-Ba-2_S55_L005_R1_001	(1.0, 23.34079571961143)	(2.0, 10.516321005306683)	(3.0, 5.79024425245118)	(4.0, 3.649932392373244)	(5.0, 2.6548138305786932)	(6.0, 2.1076009368813544)	(7.0, 1.6627479662015363)	(8.0, 1.413604549325232)	(9.0, 1.1881335726292293)	('>10', 16.312624061097733)	('>50', 5.999185919583323)	('>100', 13.218146998777474)	('>500', 4.592624839538327)	('>1k', 6.000443819994063)	('>5k', 0.7173436197451839)	('>10k+', 0.8354365159051836)
C-Ba-2_S55_L006_R1_001	(1.0, 23.40553617578435)	(2.0, 10.651802169174603)	(3.0, 5.885429102666054)	(4.0, 3.7671141836490687)	(5.0, 2.734147715525259)	(6.0, 2.0937935319294323)	(7.0, 1.7071112531230777)	(8.0, 1.4298414788260165)	(9.0, 1.230780988724019)	('>10', 16.290693350452294)	('>50', 5.8132803832693325)	('>100', 13.089248718145404)	('>500', 4.477834123285194)	('>1k', 5.9590605195030335)	('>5k', 0.614335526488145)	('>10k+', 0.8499907794546444)
C-Ba-2_S55_L007_R1_001	(1.0, 24.369660464568135)	(2.0, 10.502008212896188)	(3.0, 5.706934784952473)	(4.0, 3.584720065621158)	(5.0, 2.6378231453272694)	(6.0, 2.0928044785240947)	(7.0, 1.6420971733815994)	(8.0, 1.4357015084898934)	(9.0, 1.2313417751018694)	('>10', 16.032388320848483)	('>50', 5.921957032138315)	('>100', 13.078316358766633)	('>500', 4.516062280255443)	('>1k', 5.823711504754734)	('>5k', 0.5618634157075364)	('>10k+', 0.862609478666095)
C-Ba-3_S56_L005_R1_001	(1.0, 20.56550133953923)	(2.0, 9.474944101537847)	(3.0, 5.446722590983902)	(4.0, 3.486432676134804)	(5.0, 2.5021390276378224)	(6.0, 2.0245591114494985)	(7.0, 1.6097129784699966)	(8.0, 1.395049125878144)	(9.0, 1.2128876328550795)	('>10', 16.684831736124124)	('>50', 6.3420590025482655)	('>100', 14.147066054616786)	('>500', 5.5104294614848595)	('>1k', 7.530050523048907)	('>5k', 1.0530366262560251)	('>10k+', 1.0145780114345626)
C-Ba-3_S56_L006_R1_001	(1.0, 20.645242944268052)	(2.0, 9.680529825004497)	(3.0, 5.536379557421755)	(4.0, 3.569195218073038)	(5.0, 2.5187293437055502)	(6.0, 2.022188933924827)	(7.0, 1.6285070839475553)	(8.0, 1.3630891299244292)	(9.0, 1.2383751074393023)	('>10', 16.614223787406907)	('>50', 6.251722007175115)	('>100', 14.028250063271116)	('>500', 5.553143826422332)	('>1k', 7.323986901213549)	('>5k', 1.0057096964468348)	('>10k+', 1.0207265743551237)
C-Ba-3_S56_L007_R1_001	(1.0, 21.172725517116344)	(2.0, 9.628214403182103)	(3.0, 5.3272353802886325)	(4.0, 3.529125022247291)	(5.0, 2.598300573104423)	(6.0, 1.9753781183948973)	(7.0, 1.672610760845596)	(8.0, 1.3883370518166815)	(9.0, 1.2253402556628399)	('>10', 16.481313661172937)	('>50', 6.298516123630766)	('>100', 13.9642650167399)	('>500', 5.495760130081781)	('>1k', 7.207716667227055)	('>5k', 1.0124843575483733)	('>10k+', 1.0226769609404145)
C-FLT-1_S60_L005_R1_001	(1.0, 22.70825323077338)	(2.0, 10.048984470345264)	(3.0, 5.575950560914997)	(4.0, 3.5330499205530974)	(5.0, 2.601316477159482)	(6.0, 1.9752645439881515)	(7.0, 1.5659407177084503)	(8.0, 1.2918076113912937)	(9.0, 1.1487339127141476)	('>10', 15.488489055559826)	('>50', 5.939784084997522)	('>100', 13.87298197654389)	('>500', 5.17118770696131)	('>1k', 7.410858065599434)	('>5k', 0.7620105799895832)	('>10k+', 0.9053870848000921)
C-FLT-1_S60_L006_R1_001	(1.0, 22.827507795965545)	(2.0, 10.251967926484213)	(3.0, 5.69977199497336)	(4.0, 3.6074498182791244)	(5.0, 2.5161318085604703)	(6.0, 1.924053933048609)	(7.0, 1.649026712880109)	(8.0, 1.352593814198064)	(9.0, 1.1688567828845804)	('>10', 15.382360529133232)	('>50', 5.83777770384)	('>100', 13.782466869217622)	('>500', 5.127504600580365)	('>1k', 7.253640569020547)	('>5k', 0.703790930749382)	('>10k+', 0.9150982101848929)
C-FLT-1_S60_L007_R1_001	(1.0, 23.106658284706267)	(2.0, 10.147457965355608)	(3.0, 5.476892285341896)	(4.0, 3.595802677150925)	(5.0, 2.574925495377445)	(6.0, 1.9807523159843152)	(7.0, 1.6516329972969872)	(8.0, 1.3731247534630655)	(9.0, 1.2226796117163303)	('>10', 15.46754281931541)	('>50', 5.93458395606299)	('>100', 13.774264585276866)	('>500', 4.987000722650657)	('>1k', 7.0258035214452255)	('>5k', 0.7463754526651527)	('>10k+', 0.9345025561909245)
C-FLT-2_S61_L005_R1_001	(1.0, 22.287406183116165)	(2.0, 9.944672552152348)	(3.0, 5.501394698046804)	(4.0, 3.4652681041498363)	(5.0, 2.6192150811875052)	(6.0, 2.028760250991159)	(7.0, 1.686867070965644)	(8.0, 1.502979897353243)	(9.0, 1.217270920848494)	('>10', 16.636126896763663)	('>50', 6.332259234116785)	('>100', 13.568405391528108)	('>500', 4.789514324038236)	('>1k', 6.583673193875994)	('>5k', 0.8462101549488137)	('>10k+', 0.9899760459170965)
C-FLT-2_S61_L006_R1_001	(1.0, 22.662870992359334)	(2.0, 9.974799287850521)	(3.0, 5.54632960411444)	(4.0, 3.6686110758560786)	(5.0, 2.606338798591492)	(6.0, 2.0530175605810017)	(7.0, 1.6244514689301535)	(8.0, 1.3944655213644714)	(9.0, 1.2805787287235024)	('>10', 16.547932078874915)	('>50', 6.234340584405859)	('>100', 13.495845154608025)	('>500', 4.698334980612775)	('>1k', 6.479052049154993)	('>5k', 0.7407214827114412)	('>10k+', 0.9923106312610058)
C-FLT-2_S61_L007_R1_001	(1.0, 23.054350142409152)	(2.0, 9.938461618622732)	(3.0, 5.382533693018873)	(4.0, 3.517269779900977)	(5.0, 2.6567377151216336)	(6.0, 2.0117815793993894)	(7.0, 1.6808430544951907)	(8.0, 1.3957914584847064)	(9.0, 1.2169232761995374)	('>10', 16.54695852337705)	('>50', 6.270698628560282)	('>100', 13.530847311286532)	('>500', 4.613643728878734)	('>1k', 6.582563963569717)	('>5k', 0.5896482703994449)	('>10k+', 1.010947256276113)
C-FLT-4_S62_L005_R1_001	(1.0, 19.961397232774704)	(2.0, 9.339182782649361)	(3.0, 5.47351283963326)	(4.0, 3.4644442431224545)	(5.0, 2.53184979627684)	(6.0, 1.9514475223226124)	(7.0, 1.6055525654990788)	(8.0, 1.3661696519275184)	(9.0, 1.2090775690008806)	('>10', 16.473053043901913)	('>50', 6.240513253639489)	('>100', 14.156322894639281)	('>500', 5.5187098339252945)	('>1k', 8.011390398439227)	('>5k', 1.5732528069792633)	('>10k+', 1.124123565268798)
C-FLT-4_S62_L006_R1_001	(1.0, 19.79482206506286)	(2.0, 9.615788632227886)	(3.0, 5.475846417318272)	(4.0, 3.586370774530963)	(5.0, 2.5390948038967722)	(6.0, 2.056008009368883)	(7.0, 1.7242666383037297)	(8.0, 1.354944685309144)	(9.0, 1.1044377361710154)	('>10', 16.237920328368386)	('>50', 6.12651534274911)	('>100', 14.40751239022178)	('>500', 5.5538091687352065)	('>1k', 7.799006149821788)	('>5k', 1.4824967513450376)	('>10k+', 1.1411601065691965)
C-FLT-4_S62_L007_R1_001	(1.0, 20.540893258383214)	(2.0, 9.483899543824242)	(3.0, 5.453584092189408)	(4.0, 3.4836333106443558)	(5.0, 2.5151486477654657)	(6.0, 1.9664202968767073)	(7.0, 1.5998158766601815)	(8.0, 1.3820401309262074)	(9.0, 1.1788901141627899)	('>10', 16.42340572577764)	('>50', 6.170177531576459)	('>100', 14.0551218342117)	('>500', 5.41823817751196)	('>1k', 7.71392668033431)	('>5k', 1.4746460994249326)	('>10k+', 1.140158679730462)
C-GC-2_S57_L005_R1_001	(1.0, 21.70722534475233)	(2.0, 9.981378898469172)	(3.0, 5.675331675466806)	(4.0, 3.6168613696381726)	(5.0, 2.6290453044094777)	(6.0, 2.084089535626635)	(7.0, 1.7601473900215472)	(8.0, 1.4383471976212223)	(9.0, 1.2993775681839113)	('>10', 16.870043975454127)	('>50', 6.470431869522376)	('>100', 13.651770571765534)	('>500', 4.817162100327109)	('>1k', 6.418968074088186)	('>5k', 0.7149504194194124)	('>10k+', 0.864868705233913)
C-GC-2_S57_L006_R1_001	(1.0, 21.98171675485283)	(2.0, 10.220096180548733)	(3.0, 5.695578960464054)	(4.0, 3.646215913222264)	(5.0, 2.6631524626226524)	(6.0, 2.03525434263857)	(7.0, 1.7120607362345375)	(8.0, 1.3707117506743174)	(9.0, 1.2460177956260663)	('>10', 16.74053959906961)	('>50', 6.453980255874403)	('>100', 13.625829349538812)	('>500', 4.741564486581359)	('>1k', 6.322801725387403)	('>5k', 0.6568714500975144)	('>10k+', 0.8876082365666881)
C-GC-2_S57_L007_R1_001	(1.0, 22.563218780146297)	(2.0, 10.1105637547353)	(3.0, 5.6293331304215855)	(4.0, 3.6984751084553458)	(5.0, 2.708211557432658)	(6.0, 1.9665303649752508)	(7.0, 1.6507425350491531)	(8.0, 1.3888159300533545)	(9.0, 1.2353004662527183)	('>10', 16.79173448192567)	('>50', 6.278920736078558)	('>100', 13.435627028577665)	('>500', 4.725967096159016)	('>1k', 6.249810456125111)	('>5k', 0.651662588936447)	('>10k+', 0.915085984675836)
C-GC-3_S58_L005_R1_001	(1.0, 21.992685250739623)	(2.0, 9.937312980095433)	(3.0, 5.523423434794354)	(4.0, 3.5836627513017207)	(5.0, 2.6309251330461407)	(6.0, 2.0034029664970388)	(7.0, 1.7217889852769939)	(8.0, 1.4675148078733715)	(9.0, 1.15879595768114)	('>10', 16.76780984718983)	('>50', 6.23225122946314)	('>100', 13.219683526824957)	('>500', 4.859374508895767)	('>1k', 6.883182344332527)	('>5k', 0.7886645604410414)	('>10k+', 1.229521715546942)
C-GC-3_S58_L006_R1_001	(1.0, 22.115596067859254)	(2.0, 10.068902894247655)	(3.0, 5.557073217608424)	(4.0, 3.618188490725436)	(5.0, 2.633386277087295)	(6.0, 2.0850366426982356)	(7.0, 1.7222192907287794)	(8.0, 1.4010662113018826)	(9.0, 1.200092229270285)	('>10', 16.498907536819637)	('>50', 6.151730590675665)	('>100', 13.336619287206345)	('>500', 4.822104628450839)	('>1k', 6.788486117738038)	('>5k', 0.7410280586321318)	('>10k+', 1.2595624589499794)
C-GC-3_S58_L007_R1_001	(1.0, 22.5815221687714)	(2.0, 10.112214841797005)	(3.0, 5.487638911654739)	(4.0, 3.566687906086905)	(5.0, 2.5740115808260673)	(6.0, 2.051855714556685)	(7.0, 1.593933873887695)	(8.0, 1.4162515659146435)	(9.0, 1.2784010443504006)	('>10', 16.535023661096957)	('>50', 6.2256831286170415)	('>100', 13.119547441910543)	('>500', 4.7547188968360325)	('>1k', 6.6766455271548955)	('>5k', 0.7345583477810358)	('>10k+', 1.2913053887578314)
C-GC-5_S59_L005_R1_001	(1.0, 24.11181252155655)	(2.0, 10.558450866839973)	(3.0, 5.947110598845121)	(4.0, 3.8383965921706036)	(5.0, 2.7229906721539097)	(6.0, 2.064631653373248)	(7.0, 1.6512896093528442)	(8.0, 1.4666562970328025)	(9.0, 1.1782558510066055)	('>10', 16.148321562178346)	('>50', 6.150127157593526)	('>100', 12.933200884372711)	('>500', 4.020066066976554)	('>1k', 5.571488892272959)	('>5k', 0.6650485218296549)	('>10k+', 0.9721522524446198)
C-GC-5_S59_L006_R1_001	(1.0, 24.199038069105345)	(2.0, 10.887056913989658)	(3.0, 5.988028125249474)	(4.0, 3.8345293958497386)	(5.0, 2.678188594698131)	(6.0, 2.080438711042163)	(7.0, 1.7351711565721646)	(8.0, 1.4353109945412459)	(9.0, 1.1962736843111454)	('>10', 16.008367620079675)	('>50', 5.992410842799166)	('>100', 12.890729255071346)	('>500', 3.953335656346507)	('>1k', 5.470960697177855)	('>5k', 0.6661872941136242)	('>10k+', 0.9839729890526557)
C-GC-5_S59_L007_R1_001	(1.0, 24.848053006030483)	(2.0, 10.783576895334182)	(3.0, 5.868933555349677)	(4.0, 3.800300308440246)	(5.0, 2.692796352921194)	(6.0, 2.034920695758916)	(7.0, 1.6420262154884484)	(8.0, 1.452162130892666)	(9.0, 1.1837003631323013)	('>10', 16.218732048501472)	('>50', 5.9542395312186445)	('>100', 12.5625706682345)	('>500', 3.8861663942583675)	('>1k', 5.407878772214923)	('>5k', 0.660796871502403)	('>10k+', 1.003146190721612)
